[1.7117402168418757e-07, 1.582955132546266e-07, 1.1594468950379694e-07, 1.1388690412880225e-07, 2.372197905159858e-07, 2.48851949111439e-07]
[1.9329483426910323e-07, 1.9552584430645545e-07, 1.56742974331686e-07, 1.5839876643891915e-07, 2.6597252702283034e-07, 2.7660974387322957e-07, 1.9045026559588746e-07]
[1.930796078005987e-07, 2.0745926541487786e-07, 1.605389106429758e-07, 1.5170239718993253e-07, 2.8718940861301166e-07, 2.9841355322238237e-07, 1.7344561240267946e-07, 2.1420426212864602e-07]
[2.2063804139469682e-07, 2.388067374087873e-07, 1.9554839870653444e-07, 1.8147873370941465e-07, 3.155883841057799e-07, 3.264424425931037e-07, 2.0092769557580216e-07, 2.33071213344213e-07]
[2.2365900228666698e-07, 2.2759696635174804e-07, 2.9276043625229155e-07, 2.332849688272985e-07, 2.7816790958284606e-07, 2.8642923762619705e-07, 2.392537812358033e-07, 2.2025046830198208e-07]
[1.80723049269824e-07, 2.0134539332571466e-07, 1.7453926629655307e-07, 2.7184055430506567e-07, 2.8219197453681674e-07, 1.9487365121017117e-07, 1.8907763081472677e-07]
[1.386249060048633e-07, 1.4425301839730774e-07, 1.3977383540429404e-07, 2.1932227326696585e-07, 2.303048893120175e-07, 1.489500034528211e-07, 1.314489974236016e-07, 2.2692812042483757e-07]
[1.8552530312944474e-07, 1.9606067736908848e-07, 1.6370535900766216e-07, 2.7475836735331297e-07, 2.85628038665502e-07, 2.0788162491432415e-07, 1.809165620689813e-07, 2.5043162694523993e-07]
[2.3440987715804507e-07, 1.8450309691857213e-07, 1.863974238654955e-07, 2.539971221734497e-07, 2.6391062238309756e-07, 2.116935824830905e-07, 1.7542608308917124e-07, 2.1150521936433932e-07, 2.472500771683169e-07]
[3.2031401985077165e-07, 1.984485111389061e-07, 2.3550474437355528e-07, 2.442462358752356e-07, 2.51852131481329e-07, 2.284824480726954e-07, 1.989105850360655e-07, 2.179495307459713e-07, 2.2416998052981006e-07, 2.4698255009254337e-07]
[2.1048486136116463e-07, 2.7278739759527033e-07, 2.3235911987193366e-07, 2.3752494814806075e-07, 2.3623943459457847e-07, 2.1796560361450882e-07, 2.495179065909786e-07, 2.2897493127521192e-07, 2.2727239791887916e-07]
[1.8718799244771784e-07, 2.273580884557623e-07, 2.3243777375522384e-07, 2.4022151098997954e-07, 2.174928214511631e-07, 1.8765220695881324e-07, 2.3362352077927559e-07, 2.0893861519211228e-07, 2.0725983881833048e-07]
[2.1375150014459044e-07, 1.9184335500502388e-07, 2.7657896730201247e-07, 2.8664824584125743e-07, 2.354686604619045e-07, 1.957132310591053e-07, 2.1974643152150126e-07, 1.993251094421053e-07, 2.0603214874398198e-07]
[2.338583539091838e-07, 2.2610723554422233e-07, 2.6765082399221965e-07, 2.762406774928721e-07, 2.2530495254497134e-07, 2.1350199818962153e-07, 2.8273251877235367e-07, 2.5137784691855116e-07, 2.3346837653825082e-07]
[1.7124688985632283e-07, 1.697178048103747e-07, 1.9954998580216414e-07, 2.0952342442810895e-07, 1.3978713759004095e-07, 1.4506058390717464e-07, 2.4109967668207513e-07, 2.0043999907244422e-07]
[2.276923229940284e-07, 1.8449394351512604e-07, 2.4998298243598515e-07, 2.597911587227794e-07, 2.0252105861482126e-07, 1.7908396992112788e-07, 2.3784491470360933e-07]
[2.2012192846115387e-07, 1.7434854875444727e-07, 2.332243729534162e-07, 2.43086919924112e-07, 1.7229917921375267e-07]
[3.314327970765078e-07, 2.5125313998820606e-07, 3.18125761282326e-07, 3.267584788814956e-07, 2.6276966382920567e-07, 3.1875030966849426e-07]
[3.1771422720674315e-07, 3.6921835727945845e-07, 3.765467232557167e-07, 3.4093284109313673e-07, 3.4892201839693895e-07]
[3.881876150278029e-07, 4.516207705099201e-07, 4.5874062248149024e-07, 4.1763115663376014e-07, 4.1444501681846965e-07]
[3.969629061039398e-07, 4.632329611504752e-07, 4.7038835949665014e-07, 4.1364556814082465e-07, 3.9835363073419053e-07]
[3.7831150489678396e-07, 4.514733253392747e-07, 4.589627905966079e-07, 3.8931391057775004e-07, 3.9059491436374754e-07]
[3.9288275849896086e-07, 4.294887433786059e-07, 4.355090313082596e-07, 4.072423984462995e-07, 3.8754738900422453e-07]
[3.754951043919998e-07, 3.930765219904694e-07, 3.98503186504549e-07, 4.0926246520679573e-07, 3.655846281117901e-07, 4.203813324187834e-07, 4.2458621468217826e-07]
[3.921499000150898e-07, 4.2471508684714626e-07, 4.3057915525559927e-07, 3.915140428408915e-07, 4.1937222444357103e-07, 4.1933741042433267e-07]
[3.6675861912524886e-07, 3.9711816699186226e-07, 4.031517664793967e-07, 3.73560535297133e-07, 3.8622102747835174e-07, 3.8703389854531626e-07, 4.399309266008982e-07]
[3.180899801285653e-07, 3.7255392378214406e-07, 3.800230669743692e-07, 3.396879152745413e-07, 3.4337809903698446e-07, 3.648436094879758e-07, 3.6967684108728345e-07]
[3.7271302385992565e-07, 4.415622721661855e-07, 4.4901119373089103e-07, 4.028047506330857e-07, 4.0562477856232434e-07, 4.6004821529953724e-07, 4.079778611844479e-07]
[3.59666065205712e-07, 4.3066583490524646e-07, 4.383042041390712e-07, 3.9551631059748883e-07, 3.9804708174589197e-07]
[3.295127077501834e-07, 4.0658947252571707e-07, 4.146393636519074e-07, 3.6650410367525854e-07, 3.788338554390676e-07]
[]